require(rms)
z
describe(z)
q()
require(rms)
cph(S ~ age)
table(age < 60)
args(rnorm)
q()
?histSpikeg
table(y)
?geom_vline
?trunc
d <- read.table(textConnection(
"0.29017806553  -26.5670446561
0.251361744241  -11.2913339428
0.314187070796  -8.22259324454
0.416584193946  8.4673672441
0.236463771182  18.8611965218
0.307040274389  18.4124441893
0.369895819955  22.6370621076
0.346460975923  26.2542778789
0.291689016145  31.2268163515
0.228924127615  30.4698300936
0.401595563849  35.1522660482
0.378221157841  41.0812362598
0.307644654634  41.5299885923
0.229286755762  44.3403567354
0.292202739353  50.8767290941
0.253114446954  55.7495448261
0.331623440888  58.7185627838
0.394267453368  54.8520401611
0.402471915205  68.6727054326
0.449704231417  75.3088005319
0.39481139559  75.6578301238
0.35572310319  80.5306458558
0.300709391314  76.2561665672
0.237974721796  76.6550575294
0.167307561552  73.6361782015
0.395143804725  88.3724795455
0.340311406922  91.0332635778
0.293199966759  89.0206773592
0.246179183633  90.475722801
0.207121110247  96.5044157532
0.301283552547  98.2178337501
0.277939365552  105.302681182
0.23882085414  109.019619694
0.278271774687  118.017330604
0.380215612653  117.36913279
0.434927134407  110.084839877
0.39614103213  126.516427811
0.396443222253  138.075200012
0.302310998965  137.517659235
0.223832224044  135.704518498
0.216232142452  145.001397629
0.294710917374  146.814538367
0.295103764533  161.840942229
0.280175572461  190.837595473
0.272726585932  205.913860705
0.729864694372  -8.55349142913
0.730317979557  8.78466687316
0.651688109574  1.1921400349
0.644088027983  10.4890191664
0.581323139453  9.7320329085
0.652262270808  23.1538072178
0.573843933911  23.6524209206
0.636971450588  38.2799338204
0.621559754319  48.7825515423
0.676694342245  57.6805397116
0.621801506418  58.0295693035
0.56690867059  58.3785988955
0.724410162654  82.8106703332
0.740335582131  91.9579653539
0.61477558606  89.2881156179
0.630670786525  97.2795334185
0.615319528281  110.093905581
0.560608006527  117.378198494
0.639117000461  120.347216451
0.678416825946  123.56554126
0.624037713327  143.564483595
0.624370122463  156.279133017
0.618945809756  248.799171999
0.697303708628  245.988803856
1.38326017814  383.82376272
1.27238662204  342.910241979
1.60225736022  360.46597717
1.60101838071  313.075011143
1.17650169604  275.311822433
1.23136431286  273.806915621
1.29421985842  278.031533539
1.27823400092  266.572484078
1.24662491406  257.524911798
1.30929914556  254.814266396
1.19155076416  250.938678069
1.24644359999  250.589648477
1.28547145437  243.405078305
1.22255547077  236.868705946
1.29310175497  235.264076394
1.29282978386  224.861181412
1.36337606805  223.25655186
1.19073485083  219.729993125
1.24562768666  219.380963533
1.29252759374  213.302409211
1.30012767533  204.005530079
1.28414181782  192.546480618
1.23696993964  188.222139959
1.28386984671  182.143585637
1.2445095832  176.613506388
1.2521096648  167.316627256
1.29916066693  167.017459034
1.23591227421  147.766437254
1.28290283832  145.155514592
1.21989619769  135.151510573
1.29041226288  132.3910038
1.29798212545  121.938247448
1.25853120491  112.940536539
1.30555198803  111.485491097
1.19561522132  106.40416418
1.25029652406  97.9639940469
1.29749862126  103.444211926
1.29725686916  94.1971941647
1.30491738878  87.2120694735
1.40686122674  86.5638716599
1.45367047678  77.0176856769
1.38306375456  76.3105607893
1.31927141961  36.2537490462
1.31124827185  29.3683470956
1.23286015397  31.0228380185
1.40355224489  259.995316053
1.40303852169  240.34540331
1.39341376627  172.198508692
1.46417158355  178.68501968
1.67017459034  258.300029464
1.62306315018  256.287443245
1.61491912637  244.778532414
1.63042147967  237.743546352
1.66996305726  250.208888922
1.71719537347  256.844984022
1.71689318335  245.28621182
1.7244026079  232.521701028
1.56726374398  221.960156232
1.61434496513  222.816865231
1.62194504673  213.519986099
1.61389167995  205.478706928
1.59796626047  196.331411908
1.59775472739  188.240271367
1.67644503539  198.144552645
1.6767170065  208.547447627
1.7315191853  204.730786374
1.62891052906  179.949685345
1.69161497956  178.394917162
1.70714755188  172.515808321
1.76197994969  169.855024289
1.62085716228  171.908406174
1.57359462706  164.116433854
1.63620842053  159.094034011
1.62013190599  144.16735289
1.63560404028  135.976489608
1.69031556204  128.692196696
1.62749023548  125.623455997
1.57262761867  127.128362809
1.58022770026  117.831483678
1.62730892141  118.688192676
1.73664130788  100.65197519
1.62652322709  88.6353849524
1.62628147499  79.3883671912
1.64123988607  51.547591167
2.38189276783  481.520318508
2.38122794956  456.091019665
2.26224058867  404.824465312
2.32497525818  404.42557435
2.37971699895  398.297158657
2.33254512076  393.972817998
2.28534302356  388.492600119
2.2384733355  395.727031662
2.17582932302  399.593554285
2.62260231024  388.660315638
2.61355171606  342.475088202
2.62893319332  330.81659326
2.62078916951  319.307682428
2.72243081735  307.100712413
2.27580892519  323.813337161
2.2834694448  316.82821247
2.27538585901  307.631056079
2.28295572159  297.178299727
2.22064411825  313.759471772
2.56492932529  282.668640975
2.62769421381  283.425627233
2.61958040901  273.072593622
2.29007229899  269.387385073
2.61858318161  234.928645357
2.71962044921  199.604130939
2.28792674911  187.320102442
2.29465047935  144.502783927
2.29350215688  100.579449561
2.62988509221  67.2267256945
2.72664636956  168.345584625
2.73421623214  157.892828273
3.27140450414  605.344232324
3.71527646619  483.446780542
3.28198115845  409.901259377"), col.names=c('x','y'))
ggplot(Predict(f))
args(ggplot.Predict)
args(rms:::ggplot.Predict)
?ggplot.Predict
q()
